""	"input"	"filtered"	"denoised"	"merged"	"tabled"
"1"	38750	34753	34327	30283	30283
"2"	8034	6986	6872	6771	6771
"3"	12761	11290	11132	11006	11006
"4"	15095	11939	11659	11254	11254
"5"	6406	4480	4424	4375	4375
"6"	19004	16274	15879	15101	15101
"7"	11044	8582	8336	7973	7973
"8"	19278	17870	17618	17080	17080
"9"	18018	15889	15715	15582	15582
"10"	21180	18959	18842	18777	18777
"11"	11496	9613	9502	9421	9421
"12"	18653	16233	16059	15957	15957
"13"	12293	10103	10066	9994	9994
"14"	7155	6611	6477	6403	6403
"15"	23420	21317	20280	17929	17929
"16"	24426	20802	20200	18745	18745
"17"	22602	20497	19819	18248	18248
"18"	24294	22041	21782	21117	21117
"19"	16958	15115	14380	12774	12774
"20"	29062	25262	24760	22114	22114
"21"	25842	23957	23257	21666	21666
"22"	24479	21895	21217	19572	19572
"23"	14406	12746	12673	12457	12457
"24"	8486	7648	7572	7355	7355
"25"	13160	11558	11167	9952	9952
"26"	19827	18690	18604	18444	18444
"27"	18341	12203	11711	10498	10498
"28"	14234	11453	11032	10263	10263
"29"	23164	19304	18448	15798	15798
"30"	7583	5533	5447	5371	5371
"31"	18098	15549	15448	15372	15372
"32"	11690	10469	10354	10256	10256
"33"	7908	7783	7730	7642	7642
"34"	12127	8554	8466	8407	8407
"35"	16642	15173	14813	14126	14126
"36"	6602	3258	3204	3161	3161
"37"	22079	19266	18846	17688	17688
"38"	6731	2564	2489	2447	2447
"39"	4104	3206	3162	3113	3113
"40"	11623	10205	10131	10050	10050
"41"	17118	14175	14096	13998	13998
"42"	20230	13969	13913	13786	13786
"43"	8521	7251	7226	7182	7182
"44"	3841	1355	1288	1263	1263
"45"	9059	7728	7638	7560	7560
"46"	7192	5957	5902	5873	5873
"47"	3189	822	745	727	727
"48"	17146	11693	11576	11334	11334
"49"	9291	7466	7414	7359	7359
"50"	4457	3511	3483	3435	3435
"51"	8463	4255	4225	4188	4188
"52"	3125	2598	2588	2572	2572
"53"	12116	10987	10948	10872	10872
"54"	3306	1373	1322	1291	1291
"55"	3798	1973	1919	1913	1913
"56"	2630	468	451	448	448
"57"	4282	3223	3198	3161	3161
"58"	3700	1457	1424	1421	1421
"59"	4678	1246	1169	1164	1164
"60"	2612	1258	1197	1173	1173
"61"	14978	12762	12250	11124	11124
"62"	5910	5522	5514	5491	5491
"63"	5806	2793	2718	2697	2697
"64"	2289	1168	1080	1038	1038
"65"	3009	1281	1227	1211	1211
"66"	3350	916	873	849	849
"67"	8324	6426	6349	5870	5870
"68"	983	456	438	412	412
"69"	1080	215	184	169	169
"70"	1040	152	134	132	132
"71"	564	100	81	76	76
"72"	3248	753	703	698	698
"73"	7602	6359	6318	6290	6290
"74"	913	282	266	264	264
"75"	920	120	108	106	106
"76"	5095	2186	2094	2071	2071
"77"	5452	1477	1391	1374	1374
"78"	3409	1150	1113	1101	1101
"79"	1240	65	53	53	53
"80"	1280	178	167	164	164
"81"	2492	606	581	571	571
"82"	936	134	114	114	114
"83"	3499	2103	2057	2041	2041
"84"	2290	753	722	717	717
"85"	1522	348	337	317	317
"86"	5053	2623	2590	2535	2535
"87"	1016	104	95	95	95
"88"	4479	2466	2428	2364	2364
"89"	451	117	112	111	111
"90"	9139	5165	5042	4959	4959
"91"	562	63	51	51	51
"92"	10799	7664	7593	7473	7473
"93"	5650	2991	2944	2924	2924
"94"	7335	4489	4458	4355	4355
"95"	9566	6031	5874	5814	5814
"96"	10479	9982	9909	9877	9877
"97"	5308	2341	2283	2270	2270
"98"	9797	6348	6312	6241	6241
"99"	16624	12958	12840	12615	12615
"100"	2279	1597	1578	1573	1573
"101"	15803	14263	14176	14071	14071
"102"	4575	956	934	930	930
"103"	584	138	129	128	128
"104"	2401	522	498	480	480
"105"	4836	1732	1715	1644	1644
"106"	2069	1127	1066	1047	1047
"107"	3504	2535	2479	2429	2429
"108"	66	9	7	7	7
"109"	11460	8250	8122	8090	8090
"110"	5814	5528	5519	5482	5482
"111"	5043	3181	3078	3022	3022
"112"	3654	2168	2118	2075	2075
"113"	5827	3055	2993	2961	2961
"114"	7475	3156	3125	3096	3096
"115"	5490	3113	3055	3000	3000
"116"	1721	530	496	488	488
"117"	4941	4686	4667	4640	4640
"118"	634	196	184	166	166
"119"	2518	666	628	627	627
"120"	1799	560	531	524	524
"121"	141	50	46	46	46
"122"	5246	2166	2109	2078	2078
"123"	4231	1057	1020	1014	1014
"124"	3390	1291	1219	1192	1192
"125"	7732	3509	3471	3460	3460
"126"	8907	6088	6029	5945	5945
"127"	97	12	6	6	6
"128"	2647	1104	1076	1067	1067
"129"	3643	419	396	394	394
"130"	6931	2255	2210	2200	2200
"131"	1693	459	432	425	425
"132"	5017	4597	4537	4517	4517
"133"	2625	679	621	616	616
"134"	4405	995	946	905	905
"135"	1459	252	238	233	233
"136"	5126	2034	1982	1969	1969
"137"	4885	1897	1848	1804	1804
"138"	5220	2570	2528	2508	2508
"139"	15222	12375	12180	12043	12043
"140"	2242	709	660	643	643
"141"	4494	3072	3017	3006	3006
"142"	5880	3322	3272	3267	3267
"143"	3361	819	779	763	763
"144"	3947	2629	2600	2586	2586
"145"	1621	486	454	429	429
"146"	2545	852	820	788	788
"147"	3519	603	579	577	577
"148"	1622	250	232	230	230
"149"	10598	7748	7630	7445	7445
"150"	3365	929	909	885	885
"151"	2105	550	526	526	526
"152"	9588	7351	7048	6705	6705
"153"	16695	12353	11794	11099	11099
"154"	2154	856	740	694	694
"155"	10328	8545	8022	7241	7241
"156"	2046	945	886	871	871
"157"	20807	18776	17030	13357	13357
"158"	2823	1651	1544	1507	1507
"159"	4008	2428	2389	2384	2384
"160"	4185	3088	2908	2762	2762
"161"	27225	24344	24186	24001	24001
"162"	4972	2336	2291	2262	2262
"163"	6772	2857	2783	2759	2759
"164"	14070	5329	5271	5128	5128
"165"	2045	635	613	609	609
"166"	3695	2144	2075	2005	2005
"167"	3229	1138	1108	1099	1099
"168"	2829	2565	2522	2483	2483
"169"	3581	1759	1713	1675	1675
"170"	2298	940	848	831	831
"171"	8096	5975	5686	5414	5414
"172"	51621	6544	6397	5323	5323
"173"	10608	1259	1165	1096	1096
"174"	18092	2202	2061	1929	1929
"175"	20506	2252	2087	1825	1825
"176"	9006	834	804	760	760
"177"	25812	3018	2773	2415	2415
"178"	15541	1639	1487	1317	1317
"179"	25928	3398	3278	2934	2934
"180"	24673	2862	2707	2542	2542
"181"	28964	3566	3480	3466	3466
"182"	15756	1889	1781	1583	1583
"183"	25025	3004	2900	2811	2811
"184"	17390	2095	2005	1897	1897
"185"	8715	1210	1127	1100	1100
"186"	30995	4008	3455	2837	2837
"187"	31565	3939	3605	2639	2639
"188"	30481	3917	3592	3043	3043
"189"	33448	4196	3927	3496	3496
"190"	22689	2835	2549	1993	1993
"191"	39718	4719	4501	3377	3377
"192"	35149	4641	4328	3837	3837
"193"	33084	4213	3805	3056	3056
"194"	19906	2475	2336	1805	1805
"195"	11148	1391	1264	1094	1094
"196"	17610	2254	2044	1529	1529
"197"	27181	3592	3524	3408	3408
"198"	24500	2480	2203	1605	1605
"199"	18658	2141	1914	1616	1616
"200"	32601	3843	3358	2278	2278
"201"	11341	1080	978	931	931
"202"	24423	3169	3099	3000	3000
"203"	14881	1888	1763	1686	1686
"204"	8214	1287	1164	1121	1121
"205"	16594	1750	1646	1577	1577
"206"	22628	2863	2672	2294	2294
"207"	9331	680	608	559	559
"208"	31271	3936	3705	3245	3245
"209"	8808	506	442	438	438
"210"	6094	642	603	577	577
"211"	15650	1976	1924	1882	1882
"212"	23957	2824	2708	2649	2649
"213"	27552	2901	2861	2758	2758
"214"	11931	1391	1350	1295	1295
"215"	5929	276	204	203	203
"216"	12457	1503	1456	1392	1392
"217"	9777	1171	1125	1092	1092
"218"	4898	217	178	162	162
"219"	22960	2467	2330	2166	2166
"220"	12883	1484	1392	1325	1325
"221"	5340	623	597	567	567
"222"	11043	820	751	662	662
"223"	4293	515	479	438	438
"224"	16323	2058	2022	1966	1966
"225"	4741	287	235	201	201
"226"	5796	418	365	326	326
"227"	3692	138	128	122	122
"228"	6380	612	586	576	576
"229"	5143	289	245	242	242
"230"	6866	292	232	229	229
"231"	3557	261	229	222	222
"232"	20191	2482	2198	1707	1707
"233"	7501	1005	979	960	960
"234"	8856	500	444	422	422
"235"	3276	222	181	151	151
"236"	4261	247	197	189	189
"237"	4427	200	152	147	147
"238"	11591	1215	1163	984	984
"239"	1526	77	64	55	55
"240"	1801	52	30	30	30
"241"	1490	37	26	26	26
"242"	635	25	10	10	10
"243"	4304	144	116	113	113
"244"	9635	1187	1139	1076	1076
"245"	1481	69	62	51	51
"246"	1233	27	20	18	18
"247"	7357	491	401	390	390
"248"	6922	316	263	256	256
"249"	4742	261	221	213	213
"250"	1515	14	3	3	3
"251"	1968	41	34	34	34
"252"	3337	137	117	108	108
"253"	1242	18	13	9	9
"254"	5874	457	383	365	365
"255"	3498	146	119	116	116
"256"	2271	81	69	66	66
"257"	7474	531	474	447	447
"258"	1191	23	17	15	15
"259"	6034	498	441	321	321
"260"	701	28	24	14	14
"261"	11958	1014	967	953	953
"262"	770	11	5	0	0
"263"	14943	1559	1461	1321	1321
"264"	7910	584	529	504	504
"265"	10158	938	868	851	851
"266"	13271	1117	1032	1001	1001
"267"	13608	1823	1796	1764	1764
"268"	7796	495	403	393	393
"269"	13760	1270	1203	1161	1161
"270"	23515	2520	2371	2254	2254
"271"	3307	312	298	292	292
"272"	20967	2725	2676	2611	2611
"273"	5873	195	156	145	145
"274"	849	24	21	21	21
"275"	3123	110	78	68	68
"276"	7321	401	351	319	319
"277"	2665	224	189	143	143
"278"	4949	507	481	467	467
"279"	16193	1577	1479	1455	1455
"280"	7347	1091	1075	968	968
"281"	7076	630	567	538	538
"282"	5556	443	399	377	377
"283"	8151	624	591	552	552
"284"	10291	667	598	531	531
"285"	7394	582	521	465	465
"286"	2503	115	101	98	98
"287"	6317	899	883	818	818
"288"	713	35	23	11	11
"289"	3729	146	121	112	112
"290"	2841	138	93	82	82
"291"	233	13	8	6	6
"292"	7529	454	399	394	394
"293"	5977	237	194	192	192
"294"	4180	241	194	184	184
"295"	9954	697	652	638	638
"296"	13415	1209	1121	1079	1079
"297"	3784	216	177	165	165
"298"	5235	126	78	76	76
"299"	9464	440	393	368	368
"300"	2484	102	84	76	76
"301"	6362	789	738	703	703
"302"	3881	158	99	93	93
"303"	7183	250	226	219	219
"304"	1997	59	47	47	47
"305"	7175	442	383	378	378
"306"	6846	379	334	324	324
"307"	7630	537	459	457	457
"308"	20019	2400	2311	2254	2254
"309"	3035	154	114	97	97
"310"	6709	604	544	536	536
"311"	8624	705	606	602	602
"312"	4490	178	138	126	126
"313"	5763	530	487	467	467
"314"	2431	119	86	83	83
"315"	3905	221	204	170	170
"316"	4746	144	116	113	113
"317"	2220	58	52	47	47
"318"	14532	1493	1393	1222	1222
"319"	4442	202	160	155	155
"320"	3394	145	130	127	127
"321"	12857	1402	1219	1052	1052
"322"	21459	2320	2061	1788	1788
"323"	3067	168	118	109	109
"324"	13380	1601	1401	1109	1109
"325"	3583	203	155	147	147
"326"	26994	3533	2916	1448	1448
"327"	3648	335	290	253	253
"328"	4871	409	383	383	383
"329"	5897	584	517	411	411
"330"	33318	4351	4258	4011	4011
"331"	6916	492	436	421	421
"332"	9351	614	547	519	519
"333"	19567	1248	1162	1091	1091
"334"	2105	153	138	130	130
"335"	4881	393	327	305	305
"336"	4897	256	207	195	195
"337"	3252	440	407	335	335
"338"	4747	339	304	258	258
"339"	3425	187	106	102	102
"340"	10864	1149	995	880	880
"341"	54319	49280	48562	43182	43182
"342"	10904	9929	9713	9546	9546
"343"	17964	16071	15787	15570	15570
"344"	19345	16810	16259	15722	15722
"345"	8397	6553	6365	6291	6291
"346"	26277	23331	22681	21420	21420
"347"	14741	12460	11945	11379	11379
"348"	26596	25047	24721	24011	24011
"349"	24548	22615	22313	22149	22149
"350"	29488	27470	27231	27072	27072
"351"	15886	14033	13727	13634	13634
"352"	25309	23209	22873	22673	22673
"353"	16674	14664	14472	14353	14353
"354"	10219	9118	8826	8697	8697
"355"	32583	30326	28968	25607	25607
"356"	32491	29334	28525	26572	26572
"357"	31344	28828	28010	25929	25929
"358"	33814	31557	31079	30357	30357
"359"	23656	21205	20192	18009	18009
"360"	40283	35735	35163	31571	31571
"361"	35435	33558	32730	30586	30586
"362"	33408	31010	30119	27996	27996
"363"	19382	17805	17717	17427	17427
"364"	12068	11075	10974	10680	10680
"365"	18151	16334	15772	14150	14150
"366"	27301	26319	26200	25918	25918
"367"	22555	16954	16268	14629	14629
"368"	19989	16780	16202	15133	15133
"369"	30715	26695	25524	22297	22297
"370"	10088	7917	7589	7462	7462
"371"	24592	22177	21877	21739	21739
"372"	15284	14264	14086	13958	13958
"373"	11799	11444	11334	11272	11272
"374"	15218	12298	12058	11924	11924
"375"	23058	21348	20839	19901	19901
"376"	8523	4951	4656	4575	4575
"377"	29857	26541	25931	24183	24183
"378"	7266	4133	3715	3662	3662
"379"	6059	4932	4732	4693	4693
"380"	16419	14952	14776	14688	14688
"381"	24164	20571	20296	20189	20189
"382"	27499	19679	19531	19429	19429
"383"	11758	10436	10312	10260	10260
"384"	4666	2184	1872	1830	1830
"385"	12469	10974	10798	10717	10717
"386"	10069	8693	8476	8430	8430
"387"	4276	1445	1296	1225	1225
"388"	23667	16671	16463	16180	16180
"389"	13056	10855	10715	10596	10596
"390"	5610	4874	4773	4700	4700
"391"	10696	6574	6244	6175	6175
"392"	4259	3712	3634	3595	3595
"393"	16769	15574	15441	15366	15366
"394"	4292	2195	1924	1851	1851
"395"	4678	2830	2661	2640	2640
"396"	3365	940	828	818	818
"397"	5960	4760	4585	4561	4561
"398"	4757	2230	1976	1947	1947
"399"	5223	1932	1697	1662	1662
"400"	3588	1849	1668	1623	1623
"401"	20692	18270	17527	15974	15974
"402"	8244	7807	7698	7667	7667
"403"	7229	4118	3801	3751	3751
"404"	2834	1680	1469	1388	1388
"405"	3739	1935	1729	1641	1641
"406"	4152	1483	1264	1215	1215
"407"	11495	9177	8900	8188	8188
"408"	1592	774	693	691	691
"409"	1452	401	299	279	279
"410"	1075	283	228	228	228
"411"	617	157	137	133	133
"412"	3438	1084	934	917	917
"413"	10248	8868	8701	8641	8641
"414"	1493	509	479	469	469
"415"	926	201	171	169	169
"416"	7120	3706	3242	3195	3195
"417"	5489	2009	1814	1769	1769
"418"	4290	1645	1424	1415	1415
"419"	963	133	88	86	86
"420"	1610	359	300	298	298
"421"	2428	958	841	826	826
"422"	1016	246	171	168	168
"423"	5022	3306	3033	2934	2934
"424"	2637	1143	972	970	970
"425"	1793	573	515	488	488
"426"	6249	3783	3552	3511	3511
"427"	999	168	150	149	149
"428"	5663	3761	3640	3581	3581
"429"	605	189	182	180	180
"430"	11566	7363	7138	6991	6991
"431"	559	112	74	72	72
"432"	13788	10954	10748	10587	10587
"433"	6868	4487	4176	4139	4139
"434"	9452	6654	6394	6324	6324
"435"	12463	8816	8387	8306	8306
"436"	14134	13802	13748	13700	13700
"437"	6515	3604	3286	3259	3259
"438"	13174	9168	8946	8868	8868
"439"	22883	18681	18279	18036	18036
"440"	3150	2297	2168	2163	2163
"441"	21117	19802	19665	19556	19556
"442"	4176	1522	1318	1311	1311
"443"	731	209	178	178	178
"444"	2603	897	722	696	696
"445"	6096	2844	2629	2604	2604
"446"	2620	1630	1545	1538	1538
"447"	4819	3869	3742	3683	3683
"448"	86	25	19	19	19
"449"	14960	11654	11261	11169	11169
"450"	8278	8010	7983	7954	7954
"451"	6365	4485	4244	4148	4148
"452"	4890	3195	2987	2973	2973
"453"	7565	4509	4257	4222	4222
"454"	8340	4973	4756	4737	4737
"455"	6682	4468	4208	4129	4129
"456"	1898	845	721	713	713
"457"	6663	6418	6383	6365	6365
"458"	563	256	229	221	221
"459"	2669	994	819	801	801
"460"	2290	858	688	673	673
"461"	219	118	92	92	92
"462"	5494	3143	2944	2894	2894
"463"	4298	1613	1436	1420	1420
"464"	3475	1731	1577	1540	1540
"465"	7928	5035	4781	4716	4716
"466"	11688	8897	8537	8432	8432
"467"	131	17	13	13	13
"468"	3159	1649	1458	1440	1440
"469"	3870	777	554	551	551
"470"	8020	3260	3010	2982	2982
"471"	2019	798	704	693	693
"472"	6886	6387	6248	6209	6209
"473"	3441	1081	826	797	797
"474"	5203	1765	1324	1263	1263
"475"	1573	468	331	320	320
"476"	5879	2959	2734	2710	2710
"477"	5973	2813	2575	2548	2548
"478"	7218	4109	3759	3729	3729
"479"	19938	17121	16927	16649	16649
"480"	2760	1207	1049	1013	1013
"481"	6655	4645	4364	4325	4325
"482"	7765	5083	4690	4654	4654
"483"	3487	1223	1055	1044	1044
"484"	5331	3912	3763	3711	3711
"485"	2057	822	749	688	688
"486"	3468	1376	1297	1243	1243
"487"	3372	966	803	797	797
"488"	1545	362	331	320	320
"489"	13830	11125	10758	10464	10464
"490"	3749	1428	1198	1190	1190
"491"	2679	1056	826	823	823
"492"	12634	10183	9628	8717	8717
"493"	21308	16965	16207	15231	15231
"494"	2494	1219	953	870	870
"495"	14065	12463	11739	10563	10563
"496"	2861	1486	1261	1195	1195
"497"	28471	26246	24191	18767	18767
"498"	3455	2398	2266	2202	2202
"499"	4588	3276	3158	3144	3144
"500"	5902	4394	4083	3833	3833
"501"	36067	32760	32494	32205	32205
"502"	6320	3497	3290	3222	3222
"503"	7662	4242	3938	3861	3861
"504"	18294	7585	7299	7219	7219
"505"	3005	953	882	879	879
"506"	4515	2939	2760	2674	2674
"507"	3838	1784	1563	1550	1550
"508"	3906	3501	3418	3343	3343
"509"	4452	2530	2384	2360	2360
"510"	3248	1497	1219	1138	1138
"511"	10289	8181	7654	7246	7246
