""	"input"	"filtered"	"denoised"	"merged"	"tabled"
"16724"	38750	34753	34327	30283	30283
"16725"	8034	6986	6872	6771	6771
"16726"	12761	11290	11132	11006	11006
"16727"	15095	11939	11659	11254	11254
"16728"	6406	4480	4424	4375	4375
"16729"	19004	16274	15879	15101	15101
"16730"	11044	8582	8336	7973	7973
"16731"	19278	17870	17618	17080	17080
"16732"	18018	15889	15715	15582	15582
"16733"	21180	18959	18842	18777	18777
"16734"	11496	9613	9502	9421	9421
"16735"	18653	16233	16059	15957	15957
"16736"	12293	10103	10066	9994	9994
"16737"	7155	6611	6477	6403	6403
"16738"	23420	21317	20280	17929	17929
"16739"	24426	20802	20200	18745	18745
"16740"	22602	20497	19819	18248	18248
"16741"	24294	22041	21782	21117	21117
"16742"	16958	15115	14380	12774	12774
"16743"	29062	25262	24760	22114	22114
"16744"	25842	23957	23257	21666	21666
"16745"	24479	21895	21217	19572	19572
"16746"	14406	12746	12673	12457	12457
"16747"	8486	7648	7572	7355	7355
"16748"	13160	11558	11167	9952	9952
"16749"	19827	18690	18604	18444	18444
"16750"	18341	12203	11711	10498	10498
"16751"	14234	11453	11032	10263	10263
"16752"	23164	19304	18448	15798	15798
"16753"	7583	5533	5447	5371	5371
"16754"	18098	15549	15448	15372	15372
"16755"	11690	10469	10354	10256	10256
"16756"	7908	7783	7730	7642	7642
"16757"	12127	8554	8466	8407	8407
"16758"	16642	15173	14813	14126	14126
"16759"	6602	3258	3204	3161	3161
"16760"	22079	19266	18846	17688	17688
"16761"	6731	2564	2489	2447	2447
"16763"	4104	3206	3162	3113	3113
"16765"	11623	10205	10131	10050	10050
"16766"	17118	14175	14096	13998	13998
"16767"	20230	13969	13913	13786	13786
"16768"	8521	7251	7226	7182	7182
"16769"	3841	1355	1288	1263	1263
"16770"	9059	7728	7638	7560	7560
"16771"	7192	5957	5902	5873	5873
"16772"	3189	822	745	727	727
"16773"	17146	11693	11576	11334	11334
"16774"	9291	7466	7414	7359	7359
"16775"	4457	3511	3483	3435	3435
"16776"	8463	4255	4225	4188	4188
"16777"	3125	2598	2588	2572	2572
"16779"	12116	10987	10948	10872	10872
"16780"	3306	1373	1322	1291	1291
"16781"	3798	1973	1919	1913	1913
"16782"	2630	468	451	448	448
"16783"	4282	3223	3198	3161	3161
"16784"	3700	1457	1424	1421	1421
"16785"	4678	1246	1169	1164	1164
"16786"	2612	1258	1197	1173	1173
"16787"	14978	12762	12250	11124	11124
"16788"	5910	5522	5514	5491	5491
"16789"	5806	2793	2718	2697	2697
"16790"	2289	1168	1080	1038	1038
"16791"	3009	1281	1227	1211	1211
"16792"	3350	916	873	849	849
"16793"	8324	6426	6349	5870	5870
"16794"	983	456	438	412	412
"16795"	1080	215	184	169	169
"16797"	1040	152	134	132	132
"16798"	564	100	81	76	76
"16799"	3248	753	703	698	698
"16800"	7602	6359	6318	6290	6290
"16801"	913	282	266	264	264
"16802"	920	120	108	106	106
"16803"	5095	2186	2094	2071	2071
"16804"	5452	1477	1391	1374	1374
"16807"	3409	1150	1113	1101	1101
"16808"	1240	65	53	53	53
"16809"	1280	178	167	164	164
"16810"	2492	606	581	571	571
"16811"	936	134	114	114	114
"16812"	3499	2103	2057	2041	2041
"16815"	2290	753	722	717	717
"16816"	1522	348	337	317	317
"16817"	5053	2623	2590	2535	2535
"16818"	1016	104	95	95	95
"16819"	4479	2466	2428	2364	2364
"16820"	451	117	112	111	111
"16821"	9139	5165	5042	4959	4959
"16822"	562	63	51	51	51
"16823"	10799	7664	7593	7473	7473
"16824"	5650	2991	2944	2924	2924
"16826"	7335	4489	4458	4355	4355
"16827"	9566	6031	5874	5814	5814
"16828"	10479	9982	9909	9877	9877
"17786"	5308	2341	2283	2270	2270
"17787"	9797	6348	6312	6241	6241
"17788"	16624	12958	12840	12615	12615
"17789"	2279	1597	1578	1573	1573
"17790"	15803	14263	14176	14071	14071
"17791"	4575	956	934	930	930
"17792"	584	138	129	128	128
"17793"	2401	522	498	480	480
"17794"	4836	1732	1715	1644	1644
"17795"	2069	1127	1066	1047	1047
"17796"	3504	2535	2479	2429	2429
"17797"	66	9	7	7	7
"17798"	11460	8250	8122	8090	8090
"17799"	5814	5528	5519	5482	5482
"17800"	5043	3181	3078	3022	3022
"17801"	3654	2168	2118	2075	2075
"17802"	5827	3055	2993	2961	2961
"17803"	7475	3156	3125	3096	3096
"17804"	5490	3113	3055	3000	3000
"17805"	1721	530	496	488	488
"17806"	4941	4686	4667	4640	4640
"17807"	634	196	184	166	166
"17809"	2518	666	628	627	627
"17810"	1799	560	531	524	524
"17811"	141	50	46	46	46
"17812"	5246	2166	2109	2078	2078
"17813"	4231	1057	1020	1014	1014
"17814"	3390	1291	1219	1192	1192
"17815"	7732	3509	3471	3460	3460
"17816"	8907	6088	6029	5945	5945
"17818"	97	12	6	6	6
"17819"	2647	1104	1076	1067	1067
"17820"	3643	419	396	394	394
"17821"	6931	2255	2210	2200	2200
"17822"	1693	459	432	425	425
"17823"	5017	4597	4537	4517	4517
"17824"	2625	679	621	616	616
"17825"	4405	995	946	905	905
"17826"	1459	252	238	233	233
"17827"	5126	2034	1982	1969	1969
"17828"	4885	1897	1848	1804	1804
"17829"	5220	2570	2528	2508	2508
"17830"	15222	12375	12180	12043	12043
"17831"	2242	709	660	643	643
"17832"	4494	3072	3017	3006	3006
"17833"	5880	3322	3272	3267	3267
"17834"	3361	819	779	763	763
"17835"	3947	2629	2600	2586	2586
"17836"	1621	486	454	429	429
"17838"	2545	852	820	788	788
"17839"	3519	603	579	577	577
"17840"	1622	250	232	230	230
"17841"	10598	7748	7630	7445	7445
"17842"	3365	929	909	885	885
"17843"	2105	550	526	526	526
"17844"	9588	7351	7048	6705	6705
"17845"	16695	12353	11794	11099	11099
"17846"	2154	856	740	694	694
"17847"	10328	8545	8022	7241	7241
"17848"	2046	945	886	871	871
"17849"	20807	18776	17030	13357	13357
"17850"	2823	1651	1544	1507	1507
"17851"	4008	2428	2389	2384	2384
"17852"	4185	3088	2908	2762	2762
"17853"	27225	24344	24186	24001	24001
"17854"	4972	2336	2291	2262	2262
"17855"	6772	2857	2783	2759	2759
"17856"	14070	5329	5271	5128	5128
"17857"	2045	635	613	609	609
"17858"	3695	2144	2075	2005	2005
"17860"	3229	1138	1108	1099	1099
"17861"	2829	2565	2522	2483	2483
"17862"	3581	1759	1713	1675	1675
"17863"	2298	940	848	831	831
"17864"	8096	5975	5686	5414	5414
